Accuracies for vocabulary STEM and vectorizer BINARY
LAZYNB: 0.5572285714285714
MNNB: 0.5231285714285714
LR: 0.5171
SVM: 0.4537714285714286
DT: 0.33664285714285713
RF: 0.3873142857142857
Accuracies for vocabulary STEM and vectorizer TFIDF
LAZYNB: 0.5702857142857143
MNNB: 0.5287142857142857
LR: 0.5479
SVM: 0.5125857142857143
DT: 0.32292857142857145
RF: 0.39052857142857145
Accuracies for vocabulary LEMMA and vectorizer BINARY
LAZYNB: 0.5580714285714286
MNNB: 0.5186142857142857
LR: 0.5165714285714286
SVM: 0.4543571428571428
DT: 0.3425285714285714
RF: 0.39752857142857145
Accuracies for vocabulary LEMMA and vectorizer TFIDF
LAZYNB: 0.5701857142857143
MNNB: 0.5233
LR: 0.5489571428571428
SVM: 0.5134285714285715
DT: 0.3289142857142857
RF: 0.39835714285714285
